Frame 1:
Box: [[443.13034    305.1886     701.90094    416.38782   ]
 [399.85873    256.02182    754.05035    437.64017   ]
 [517.4729     293.91153    775.83       412.38132   ]
 ...
 [ -0.96024007  -0.96024007  -0.96024007  -0.96024007]
 [ -0.96024007  -0.96024007  -0.96024007  -0.96024007]
 [ -0.96024007  -0.96024007  -0.96024007  -0.96024007]], Score: [ 0.5206758   0.25948712  0.18199733  0.13089603  0.10495326  0.08737803
  0.08454841  0.06029525 -1.         -1.         -1.         -1.
 -1.         -1.         -1.         -1.         -1.         -1.
 -1.         -1.         -1.         -1.         -1.         -1.
 -1.         -1.         -1.         -1.         -1.         -1.
 -1.         -1.         -1.         -1.         -1.         -1.
 -1.         -1.         -1.         -1.         -1.         -1.
 -1.         -1.         -1.         -1.         -1.         -1.
 -1.         -1.         -1.         -1.         -1.         -1.
 -1.         -1.         -1.         -1.         -1.         -1.
 -1.         -1.         -1.         -1.         -1.         -1.
 -1.         -1.         -1.         -1.         -1.         -1.
 -1.         -1.         -1.         -1.         -1.         -1.
 -1.         -1.         -1.         -1.         -1.         -1.
 -1.         -1.         -1.         -1.         -1.         -1.
 -1.         -1.         -1.         -1.         -1.         -1.
 -1.         -1.         -1.         -1.         -1.         -1.
 -1.         -1.         -1.         -1.         -1.         -1.
 -1.         -1.         -1.         -1.         -1.         -1.
 -1.         -1.         -1.         -1.         -1.         -1.
 -1.         -1.         -1.         -1.         -1.         -1.
 -1.         -1.         -1.         -1.         -1.         -1.
 -1.         -1.         -1.         -1.         -1.         -1.
 -1.         -1.         -1.         -1.         -1.         -1.
 -1.         -1.         -1.         -1.         -1.         -1.
 -1.         -1.         -1.         -1.         -1.         -1.
 -1.         -1.         -1.         -1.         -1.         -1.
 -1.         -1.         -1.         -1.         -1.         -1.
 -1.         -1.         -1.         -1.         -1.         -1.
 -1.         -1.         -1.         -1.         -1.         -1.
 -1.         -1.         -1.         -1.         -1.         -1.
 -1.         -1.         -1.         -1.         -1.         -1.
 -1.         -1.         -1.         -1.         -1.         -1.
 -1.         -1.         -1.         -1.         -1.         -1.
 -1.         -1.         -1.         -1.         -1.         -1.
 -1.         -1.         -1.         -1.         -1.         -1.
 -1.         -1.         -1.         -1.         -1.         -1.
 -1.         -1.         -1.         -1.         -1.         -1.
 -1.         -1.         -1.         -1.         -1.         -1.
 -1.         -1.         -1.         -1.         -1.         -1.
 -1.         -1.         -1.         -1.         -1.         -1.
 -1.         -1.         -1.         -1.         -1.         -1.
 -1.         -1.         -1.         -1.         -1.         -1.
 -1.         -1.         -1.         -1.         -1.         -1.
 -1.         -1.         -1.         -1.         -1.         -1.
 -1.         -1.         -1.         -1.         -1.         -1.
 -1.         -1.         -1.         -1.         -1.         -1.
 -1.         -1.         -1.         -1.         -1.         -1.
 -1.         -1.         -1.         -1.         -1.         -1.
 -1.         -1.         -1.         -1.         -1.         -1.        ], Label: [ 0  0  0  0  0  0  0  0 -1 -1 -1 -1 -1 -1 -1 -1 -1 -1 -1 -1 -1 -1 -1 -1
 -1 -1 -1 -1 -1 -1 -1 -1 -1 -1 -1 -1 -1 -1 -1 -1 -1 -1 -1 -1 -1 -1 -1 -1
 -1 -1 -1 -1 -1 -1 -1 -1 -1 -1 -1 -1 -1 -1 -1 -1 -1 -1 -1 -1 -1 -1 -1 -1
 -1 -1 -1 -1 -1 -1 -1 -1 -1 -1 -1 -1 -1 -1 -1 -1 -1 -1 -1 -1 -1 -1 -1 -1
 -1 -1 -1 -1 -1 -1 -1 -1 -1 -1 -1 -1 -1 -1 -1 -1 -1 -1 -1 -1 -1 -1 -1 -1
 -1 -1 -1 -1 -1 -1 -1 -1 -1 -1 -1 -1 -1 -1 -1 -1 -1 -1 -1 -1 -1 -1 -1 -1
 -1 -1 -1 -1 -1 -1 -1 -1 -1 -1 -1 -1 -1 -1 -1 -1 -1 -1 -1 -1 -1 -1 -1 -1
 -1 -1 -1 -1 -1 -1 -1 -1 -1 -1 -1 -1 -1 -1 -1 -1 -1 -1 -1 -1 -1 -1 -1 -1
 -1 -1 -1 -1 -1 -1 -1 -1 -1 -1 -1 -1 -1 -1 -1 -1 -1 -1 -1 -1 -1 -1 -1 -1
 -1 -1 -1 -1 -1 -1 -1 -1 -1 -1 -1 -1 -1 -1 -1 -1 -1 -1 -1 -1 -1 -1 -1 -1
 -1 -1 -1 -1 -1 -1 -1 -1 -1 -1 -1 -1 -1 -1 -1 -1 -1 -1 -1 -1 -1 -1 -1 -1
 -1 -1 -1 -1 -1 -1 -1 -1 -1 -1 -1 -1 -1 -1 -1 -1 -1 -1 -1 -1 -1 -1 -1 -1
 -1 -1 -1 -1 -1 -1 -1 -1 -1 -1 -1 -1]

Frame 2:
Box: [[443.19916    305.21286    701.89197    416.3591    ]
 [399.86166    256.12198    753.78815    437.6034    ]
 [517.34863    293.9726     775.79425    412.433     ]
 ...
 [ -0.96024007  -0.96024007  -0.96024007  -0.96024007]
 [ -0.96024007  -0.96024007  -0.96024007  -0.96024007]
 [ -0.96024007  -0.96024007  -0.96024007  -0.96024007]], Score: [ 0.52145845  0.26007634  0.18206203  0.13122699  0.10487998  0.08735293
  0.0847241   0.06035736 -1.         -1.         -1.         -1.
 -1.         -1.         -1.         -1.         -1.         -1.
 -1.         -1.         -1.         -1.         -1.         -1.
 -1.         -1.         -1.         -1.         -1.         -1.
 -1.         -1.         -1.         -1.         -1.         -1.
 -1.         -1.         -1.         -1.         -1.         -1.
 -1.         -1.         -1.         -1.         -1.         -1.
 -1.         -1.         -1.         -1.         -1.         -1.
 -1.         -1.         -1.         -1.         -1.         -1.
 -1.         -1.         -1.         -1.         -1.         -1.
 -1.         -1.         -1.         -1.         -1.         -1.
 -1.         -1.         -1.         -1.         -1.         -1.
 -1.         -1.         -1.         -1.         -1.         -1.
 -1.         -1.         -1.         -1.         -1.         -1.
 -1.         -1.         -1.         -1.         -1.         -1.
 -1.         -1.         -1.         -1.         -1.         -1.
 -1.         -1.         -1.         -1.         -1.         -1.
 -1.         -1.         -1.         -1.         -1.         -1.
 -1.         -1.         -1.         -1.         -1.         -1.
 -1.         -1.         -1.         -1.         -1.         -1.
 -1.         -1.         -1.         -1.         -1.         -1.
 -1.         -1.         -1.         -1.         -1.         -1.
 -1.         -1.         -1.         -1.         -1.         -1.
 -1.         -1.         -1.         -1.         -1.         -1.
 -1.         -1.         -1.         -1.         -1.         -1.
 -1.         -1.         -1.         -1.         -1.         -1.
 -1.         -1.         -1.         -1.         -1.         -1.
 -1.         -1.         -1.         -1.         -1.         -1.
 -1.         -1.         -1.         -1.         -1.         -1.
 -1.         -1.         -1.         -1.         -1.         -1.
 -1.         -1.         -1.         -1.         -1.         -1.
 -1.         -1.         -1.         -1.         -1.         -1.
 -1.         -1.         -1.         -1.         -1.         -1.
 -1.         -1.         -1.         -1.         -1.         -1.
 -1.         -1.         -1.         -1.         -1.         -1.
 -1.         -1.         -1.         -1.         -1.         -1.
 -1.         -1.         -1.         -1.         -1.         -1.
 -1.         -1.         -1.         -1.         -1.         -1.
 -1.         -1.         -1.         -1.         -1.         -1.
 -1.         -1.         -1.         -1.         -1.         -1.
 -1.         -1.         -1.         -1.         -1.         -1.
 -1.         -1.         -1.         -1.         -1.         -1.
 -1.         -1.         -1.         -1.         -1.         -1.
 -1.         -1.         -1.         -1.         -1.         -1.
 -1.         -1.         -1.         -1.         -1.         -1.
 -1.         -1.         -1.         -1.         -1.         -1.
 -1.         -1.         -1.         -1.         -1.         -1.
 -1.         -1.         -1.         -1.         -1.         -1.
 -1.         -1.         -1.         -1.         -1.         -1.        ], Label: [ 0  0  0  0  0  0  0  0 -1 -1 -1 -1 -1 -1 -1 -1 -1 -1 -1 -1 -1 -1 -1 -1
 -1 -1 -1 -1 -1 -1 -1 -1 -1 -1 -1 -1 -1 -1 -1 -1 -1 -1 -1 -1 -1 -1 -1 -1
 -1 -1 -1 -1 -1 -1 -1 -1 -1 -1 -1 -1 -1 -1 -1 -1 -1 -1 -1 -1 -1 -1 -1 -1
 -1 -1 -1 -1 -1 -1 -1 -1 -1 -1 -1 -1 -1 -1 -1 -1 -1 -1 -1 -1 -1 -1 -1 -1
 -1 -1 -1 -1 -1 -1 -1 -1 -1 -1 -1 -1 -1 -1 -1 -1 -1 -1 -1 -1 -1 -1 -1 -1
 -1 -1 -1 -1 -1 -1 -1 -1 -1 -1 -1 -1 -1 -1 -1 -1 -1 -1 -1 -1 -1 -1 -1 -1
 -1 -1 -1 -1 -1 -1 -1 -1 -1 -1 -1 -1 -1 -1 -1 -1 -1 -1 -1 -1 -1 -1 -1 -1
 -1 -1 -1 -1 -1 -1 -1 -1 -1 -1 -1 -1 -1 -1 -1 -1 -1 -1 -1 -1 -1 -1 -1 -1
 -1 -1 -1 -1 -1 -1 -1 -1 -1 -1 -1 -1 -1 -1 -1 -1 -1 -1 -1 -1 -1 -1 -1 -1
 -1 -1 -1 -1 -1 -1 -1 -1 -1 -1 -1 -1 -1 -1 -1 -1 -1 -1 -1 -1 -1 -1 -1 -1
 -1 -1 -1 -1 -1 -1 -1 -1 -1 -1 -1 -1 -1 -1 -1 -1 -1 -1 -1 -1 -1 -1 -1 -1
 -1 -1 -1 -1 -1 -1 -1 -1 -1 -1 -1 -1 -1 -1 -1 -1 -1 -1 -1 -1 -1 -1 -1 -1
 -1 -1 -1 -1 -1 -1 -1 -1 -1 -1 -1 -1]

Frame 3:
Box: [[441.3041     304.11285    703.95355    418.2547    ]
 [399.63318    255.65916    756.6788     438.47656   ]
 [521.269      294.73743    775.0823     412.15384   ]
 ...
 [ -0.96024007  -0.96024007  -0.96024007  -0.96024007]
 [ -0.96024007  -0.96024007  -0.96024007  -0.96024007]
 [ -0.96024007  -0.96024007  -0.96024007  -0.96024007]], Score: [ 0.45200557  0.24448338  0.16715258  0.10743949  0.09055606  0.08483607
  0.08007166  0.05184054 -1.         -1.         -1.         -1.
 -1.         -1.         -1.         -1.         -1.         -1.
 -1.         -1.         -1.         -1.         -1.         -1.
 -1.         -1.         -1.         -1.         -1.         -1.
 -1.         -1.         -1.         -1.         -1.         -1.
 -1.         -1.         -1.         -1.         -1.         -1.
 -1.         -1.         -1.         -1.         -1.         -1.
 -1.         -1.         -1.         -1.         -1.         -1.
 -1.         -1.         -1.         -1.         -1.         -1.
 -1.         -1.         -1.         -1.         -1.         -1.
 -1.         -1.         -1.         -1.         -1.         -1.
 -1.         -1.         -1.         -1.         -1.         -1.
 -1.         -1.         -1.         -1.         -1.         -1.
 -1.         -1.         -1.         -1.         -1.         -1.
 -1.         -1.         -1.         -1.         -1.         -1.
 -1.         -1.         -1.         -1.         -1.         -1.
 -1.         -1.         -1.         -1.         -1.         -1.
 -1.         -1.         -1.         -1.         -1.         -1.
 -1.         -1.         -1.         -1.         -1.         -1.
 -1.         -1.         -1.         -1.         -1.         -1.
 -1.         -1.         -1.         -1.         -1.         -1.
 -1.         -1.         -1.         -1.         -1.         -1.
 -1.         -1.         -1.         -1.         -1.         -1.
 -1.         -1.         -1.         -1.         -1.         -1.
 -1.         -1.         -1.         -1.         -1.         -1.
 -1.         -1.         -1.         -1.         -1.         -1.
 -1.         -1.         -1.         -1.         -1.         -1.
 -1.         -1.         -1.         -1.         -1.         -1.
 -1.         -1.         -1.         -1.         -1.         -1.
 -1.         -1.         -1.         -1.         -1.         -1.
 -1.         -1.         -1.         -1.         -1.         -1.
 -1.         -1.         -1.         -1.         -1.         -1.
 -1.         -1.         -1.         -1.         -1.         -1.
 -1.         -1.         -1.         -1.         -1.         -1.
 -1.         -1.         -1.         -1.         -1.         -1.
 -1.         -1.         -1.         -1.         -1.         -1.
 -1.         -1.         -1.         -1.         -1.         -1.
 -1.         -1.         -1.         -1.         -1.         -1.
 -1.         -1.         -1.         -1.         -1.         -1.
 -1.         -1.         -1.         -1.         -1.         -1.
 -1.         -1.         -1.         -1.         -1.         -1.
 -1.         -1.         -1.         -1.         -1.         -1.
 -1.         -1.         -1.         -1.         -1.         -1.
 -1.         -1.         -1.         -1.         -1.         -1.
 -1.         -1.         -1.         -1.         -1.         -1.
 -1.         -1.         -1.         -1.         -1.         -1.
 -1.         -1.         -1.         -1.         -1.         -1.
 -1.         -1.         -1.         -1.         -1.         -1.
 -1.         -1.         -1.         -1.         -1.         -1.        ], Label: [ 0  0  0  0  0  0  0  0 -1 -1 -1 -1 -1 -1 -1 -1 -1 -1 -1 -1 -1 -1 -1 -1
 -1 -1 -1 -1 -1 -1 -1 -1 -1 -1 -1 -1 -1 -1 -1 -1 -1 -1 -1 -1 -1 -1 -1 -1
 -1 -1 -1 -1 -1 -1 -1 -1 -1 -1 -1 -1 -1 -1 -1 -1 -1 -1 -1 -1 -1 -1 -1 -1
 -1 -1 -1 -1 -1 -1 -1 -1 -1 -1 -1 -1 -1 -1 -1 -1 -1 -1 -1 -1 -1 -1 -1 -1
 -1 -1 -1 -1 -1 -1 -1 -1 -1 -1 -1 -1 -1 -1 -1 -1 -1 -1 -1 -1 -1 -1 -1 -1
 -1 -1 -1 -1 -1 -1 -1 -1 -1 -1 -1 -1 -1 -1 -1 -1 -1 -1 -1 -1 -1 -1 -1 -1
 -1 -1 -1 -1 -1 -1 -1 -1 -1 -1 -1 -1 -1 -1 -1 -1 -1 -1 -1 -1 -1 -1 -1 -1
 -1 -1 -1 -1 -1 -1 -1 -1 -1 -1 -1 -1 -1 -1 -1 -1 -1 -1 -1 -1 -1 -1 -1 -1
 -1 -1 -1 -1 -1 -1 -1 -1 -1 -1 -1 -1 -1 -1 -1 -1 -1 -1 -1 -1 -1 -1 -1 -1
 -1 -1 -1 -1 -1 -1 -1 -1 -1 -1 -1 -1 -1 -1 -1 -1 -1 -1 -1 -1 -1 -1 -1 -1
 -1 -1 -1 -1 -1 -1 -1 -1 -1 -1 -1 -1 -1 -1 -1 -1 -1 -1 -1 -1 -1 -1 -1 -1
 -1 -1 -1 -1 -1 -1 -1 -1 -1 -1 -1 -1 -1 -1 -1 -1 -1 -1 -1 -1 -1 -1 -1 -1
 -1 -1 -1 -1 -1 -1 -1 -1 -1 -1 -1 -1]

Frame 4:
Box: [[442.70566    304.52594    705.276      418.06412   ]
 [402.3607     256.40823    755.9066     438.0346    ]
 [528.21515    293.35007    798.2175     414.4461    ]
 ...
 [ -0.96024007  -0.96024007  -0.96024007  -0.96024007]
 [ -0.96024007  -0.96024007  -0.96024007  -0.96024007]
 [ -0.96024007  -0.96024007  -0.96024007  -0.96024007]], Score: [ 0.4862211   0.26036346  0.1445382   0.11337727  0.09346387  0.08669338
  0.08319876  0.05529961 -1.         -1.         -1.         -1.
 -1.         -1.         -1.         -1.         -1.         -1.
 -1.         -1.         -1.         -1.         -1.         -1.
 -1.         -1.         -1.         -1.         -1.         -1.
 -1.         -1.         -1.         -1.         -1.         -1.
 -1.         -1.         -1.         -1.         -1.         -1.
 -1.         -1.         -1.         -1.         -1.         -1.
 -1.         -1.         -1.         -1.         -1.         -1.
 -1.         -1.         -1.         -1.         -1.         -1.
 -1.         -1.         -1.         -1.         -1.         -1.
 -1.         -1.         -1.         -1.         -1.         -1.
 -1.         -1.         -1.         -1.         -1.         -1.
 -1.         -1.         -1.         -1.         -1.         -1.
 -1.         -1.         -1.         -1.         -1.         -1.
 -1.         -1.         -1.         -1.         -1.         -1.
 -1.         -1.         -1.         -1.         -1.         -1.
 -1.         -1.         -1.         -1.         -1.         -1.
 -1.         -1.         -1.         -1.         -1.         -1.
 -1.         -1.         -1.         -1.         -1.         -1.
 -1.         -1.         -1.         -1.         -1.         -1.
 -1.         -1.         -1.         -1.         -1.         -1.
 -1.         -1.         -1.         -1.         -1.         -1.
 -1.         -1.         -1.         -1.         -1.         -1.
 -1.         -1.         -1.         -1.         -1.         -1.
 -1.         -1.         -1.         -1.         -1.         -1.
 -1.         -1.         -1.         -1.         -1.         -1.
 -1.         -1.         -1.         -1.         -1.         -1.
 -1.         -1.         -1.         -1.         -1.         -1.
 -1.         -1.         -1.         -1.         -1.         -1.
 -1.         -1.         -1.         -1.         -1.         -1.
 -1.         -1.         -1.         -1.         -1.         -1.
 -1.         -1.         -1.         -1.         -1.         -1.
 -1.         -1.         -1.         -1.         -1.         -1.
 -1.         -1.         -1.         -1.         -1.         -1.
 -1.         -1.         -1.         -1.         -1.         -1.
 -1.         -1.         -1.         -1.         -1.         -1.
 -1.         -1.         -1.         -1.         -1.         -1.
 -1.         -1.         -1.         -1.         -1.         -1.
 -1.         -1.         -1.         -1.         -1.         -1.
 -1.         -1.         -1.         -1.         -1.         -1.
 -1.         -1.         -1.         -1.         -1.         -1.
 -1.         -1.         -1.         -1.         -1.         -1.
 -1.         -1.         -1.         -1.         -1.         -1.
 -1.         -1.         -1.         -1.         -1.         -1.
 -1.         -1.         -1.         -1.         -1.         -1.
 -1.         -1.         -1.         -1.         -1.         -1.
 -1.         -1.         -1.         -1.         -1.         -1.
 -1.         -1.         -1.         -1.         -1.         -1.
 -1.         -1.         -1.         -1.         -1.         -1.        ], Label: [ 0  0  0  0  0  0  0  0 -1 -1 -1 -1 -1 -1 -1 -1 -1 -1 -1 -1 -1 -1 -1 -1
 -1 -1 -1 -1 -1 -1 -1 -1 -1 -1 -1 -1 -1 -1 -1 -1 -1 -1 -1 -1 -1 -1 -1 -1
 -1 -1 -1 -1 -1 -1 -1 -1 -1 -1 -1 -1 -1 -1 -1 -1 -1 -1 -1 -1 -1 -1 -1 -1
 -1 -1 -1 -1 -1 -1 -1 -1 -1 -1 -1 -1 -1 -1 -1 -1 -1 -1 -1 -1 -1 -1 -1 -1
 -1 -1 -1 -1 -1 -1 -1 -1 -1 -1 -1 -1 -1 -1 -1 -1 -1 -1 -1 -1 -1 -1 -1 -1
 -1 -1 -1 -1 -1 -1 -1 -1 -1 -1 -1 -1 -1 -1 -1 -1 -1 -1 -1 -1 -1 -1 -1 -1
 -1 -1 -1 -1 -1 -1 -1 -1 -1 -1 -1 -1 -1 -1 -1 -1 -1 -1 -1 -1 -1 -1 -1 -1
 -1 -1 -1 -1 -1 -1 -1 -1 -1 -1 -1 -1 -1 -1 -1 -1 -1 -1 -1 -1 -1 -1 -1 -1
 -1 -1 -1 -1 -1 -1 -1 -1 -1 -1 -1 -1 -1 -1 -1 -1 -1 -1 -1 -1 -1 -1 -1 -1
 -1 -1 -1 -1 -1 -1 -1 -1 -1 -1 -1 -1 -1 -1 -1 -1 -1 -1 -1 -1 -1 -1 -1 -1
 -1 -1 -1 -1 -1 -1 -1 -1 -1 -1 -1 -1 -1 -1 -1 -1 -1 -1 -1 -1 -1 -1 -1 -1
 -1 -1 -1 -1 -1 -1 -1 -1 -1 -1 -1 -1 -1 -1 -1 -1 -1 -1 -1 -1 -1 -1 -1 -1
 -1 -1 -1 -1 -1 -1 -1 -1 -1 -1 -1 -1]

Frame 5:
Box: [[442.1216     304.1955     705.042      418.27777   ]
 [401.98618    256.17105    756.1304     436.95065   ]
 [528.11475    293.53378    798.31       414.1922    ]
 ...
 [ -0.96024007  -0.96024007  -0.96024007  -0.96024007]
 [ -0.96024007  -0.96024007  -0.96024007  -0.96024007]
 [ -0.96024007  -0.96024007  -0.96024007  -0.96024007]], Score: [ 0.5070596   0.26482564  0.14385626  0.10931447  0.08709878  0.08628255
  0.0832696   0.05847949 -1.         -1.         -1.         -1.
 -1.         -1.         -1.         -1.         -1.         -1.
 -1.         -1.         -1.         -1.         -1.         -1.
 -1.         -1.         -1.         -1.         -1.         -1.
 -1.         -1.         -1.         -1.         -1.         -1.
 -1.         -1.         -1.         -1.         -1.         -1.
 -1.         -1.         -1.         -1.         -1.         -1.
 -1.         -1.         -1.         -1.         -1.         -1.
 -1.         -1.         -1.         -1.         -1.         -1.
 -1.         -1.         -1.         -1.         -1.         -1.
 -1.         -1.         -1.         -1.         -1.         -1.
 -1.         -1.         -1.         -1.         -1.         -1.
 -1.         -1.         -1.         -1.         -1.         -1.
 -1.         -1.         -1.         -1.         -1.         -1.
 -1.         -1.         -1.         -1.         -1.         -1.
 -1.         -1.         -1.         -1.         -1.         -1.
 -1.         -1.         -1.         -1.         -1.         -1.
 -1.         -1.         -1.         -1.         -1.         -1.
 -1.         -1.         -1.         -1.         -1.         -1.
 -1.         -1.         -1.         -1.         -1.         -1.
 -1.         -1.         -1.         -1.         -1.         -1.
 -1.         -1.         -1.         -1.         -1.         -1.
 -1.         -1.         -1.         -1.         -1.         -1.
 -1.         -1.         -1.         -1.         -1.         -1.
 -1.         -1.         -1.         -1.         -1.         -1.
 -1.         -1.         -1.         -1.         -1.         -1.
 -1.         -1.         -1.         -1.         -1.         -1.
 -1.         -1.         -1.         -1.         -1.         -1.
 -1.         -1.         -1.         -1.         -1.         -1.
 -1.         -1.         -1.         -1.         -1.         -1.
 -1.         -1.         -1.         -1.         -1.         -1.
 -1.         -1.         -1.         -1.         -1.         -1.
 -1.         -1.         -1.         -1.         -1.         -1.
 -1.         -1.         -1.         -1.         -1.         -1.
 -1.         -1.         -1.         -1.         -1.         -1.
 -1.         -1.         -1.         -1.         -1.         -1.
 -1.         -1.         -1.         -1.         -1.         -1.
 -1.         -1.         -1.         -1.         -1.         -1.
 -1.         -1.         -1.         -1.         -1.         -1.
 -1.         -1.         -1.         -1.         -1.         -1.
 -1.         -1.         -1.         -1.         -1.         -1.
 -1.         -1.         -1.         -1.         -1.         -1.
 -1.         -1.         -1.         -1.         -1.         -1.
 -1.         -1.         -1.         -1.         -1.         -1.
 -1.         -1.         -1.         -1.         -1.         -1.
 -1.         -1.         -1.         -1.         -1.         -1.
 -1.         -1.         -1.         -1.         -1.         -1.
 -1.         -1.         -1.         -1.         -1.         -1.
 -1.         -1.         -1.         -1.         -1.         -1.        ], Label: [ 0  0  0  0  0  0  0  0 -1 -1 -1 -1 -1 -1 -1 -1 -1 -1 -1 -1 -1 -1 -1 -1
 -1 -1 -1 -1 -1 -1 -1 -1 -1 -1 -1 -1 -1 -1 -1 -1 -1 -1 -1 -1 -1 -1 -1 -1
 -1 -1 -1 -1 -1 -1 -1 -1 -1 -1 -1 -1 -1 -1 -1 -1 -1 -1 -1 -1 -1 -1 -1 -1
 -1 -1 -1 -1 -1 -1 -1 -1 -1 -1 -1 -1 -1 -1 -1 -1 -1 -1 -1 -1 -1 -1 -1 -1
 -1 -1 -1 -1 -1 -1 -1 -1 -1 -1 -1 -1 -1 -1 -1 -1 -1 -1 -1 -1 -1 -1 -1 -1
 -1 -1 -1 -1 -1 -1 -1 -1 -1 -1 -1 -1 -1 -1 -1 -1 -1 -1 -1 -1 -1 -1 -1 -1
 -1 -1 -1 -1 -1 -1 -1 -1 -1 -1 -1 -1 -1 -1 -1 -1 -1 -1 -1 -1 -1 -1 -1 -1
 -1 -1 -1 -1 -1 -1 -1 -1 -1 -1 -1 -1 -1 -1 -1 -1 -1 -1 -1 -1 -1 -1 -1 -1
 -1 -1 -1 -1 -1 -1 -1 -1 -1 -1 -1 -1 -1 -1 -1 -1 -1 -1 -1 -1 -1 -1 -1 -1
 -1 -1 -1 -1 -1 -1 -1 -1 -1 -1 -1 -1 -1 -1 -1 -1 -1 -1 -1 -1 -1 -1 -1 -1
 -1 -1 -1 -1 -1 -1 -1 -1 -1 -1 -1 -1 -1 -1 -1 -1 -1 -1 -1 -1 -1 -1 -1 -1
 -1 -1 -1 -1 -1 -1 -1 -1 -1 -1 -1 -1 -1 -1 -1 -1 -1 -1 -1 -1 -1 -1 -1 -1
 -1 -1 -1 -1 -1 -1 -1 -1 -1 -1 -1 -1]

Frame 6:
Box: [[440.3889     303.7143     704.6821     419.09064   ]
 [398.68692    255.19319    757.5675     437.81482   ]
 [521.70984    295.7814     775.35046    412.00244   ]
 ...
 [ -0.96024007  -0.96024007  -0.96024007  -0.96024007]
 [ -0.96024007  -0.96024007  -0.96024007  -0.96024007]
 [ -0.96024007  -0.96024007  -0.96024007  -0.96024007]], Score: [ 0.47633713  0.24204797  0.15061703  0.11645627  0.09006304  0.08158368
  0.07887712  0.05701759 -1.         -1.         -1.         -1.
 -1.         -1.         -1.         -1.         -1.         -1.
 -1.         -1.         -1.         -1.         -1.         -1.
 -1.         -1.         -1.         -1.         -1.         -1.
 -1.         -1.         -1.         -1.         -1.         -1.
 -1.         -1.         -1.         -1.         -1.         -1.
 -1.         -1.         -1.         -1.         -1.         -1.
 -1.         -1.         -1.         -1.         -1.         -1.
 -1.         -1.         -1.         -1.         -1.         -1.
 -1.         -1.         -1.         -1.         -1.         -1.
 -1.         -1.         -1.         -1.         -1.         -1.
 -1.         -1.         -1.         -1.         -1.         -1.
 -1.         -1.         -1.         -1.         -1.         -1.
 -1.         -1.         -1.         -1.         -1.         -1.
 -1.         -1.         -1.         -1.         -1.         -1.
 -1.         -1.         -1.         -1.         -1.         -1.
 -1.         -1.         -1.         -1.         -1.         -1.
 -1.         -1.         -1.         -1.         -1.         -1.
 -1.         -1.         -1.         -1.         -1.         -1.
 -1.         -1.         -1.         -1.         -1.         -1.
 -1.         -1.         -1.         -1.         -1.         -1.
 -1.         -1.         -1.         -1.         -1.         -1.
 -1.         -1.         -1.         -1.         -1.         -1.
 -1.         -1.         -1.         -1.         -1.         -1.
 -1.         -1.         -1.         -1.         -1.         -1.
 -1.         -1.         -1.         -1.         -1.         -1.
 -1.         -1.         -1.         -1.         -1.         -1.
 -1.         -1.         -1.         -1.         -1.         -1.
 -1.         -1.         -1.         -1.         -1.         -1.
 -1.         -1.         -1.         -1.         -1.         -1.
 -1.         -1.         -1.         -1.         -1.         -1.
 -1.         -1.         -1.         -1.         -1.         -1.
 -1.         -1.         -1.         -1.         -1.         -1.
 -1.         -1.         -1.         -1.         -1.         -1.
 -1.         -1.         -1.         -1.         -1.         -1.
 -1.         -1.         -1.         -1.         -1.         -1.
 -1.         -1.         -1.         -1.         -1.         -1.
 -1.         -1.         -1.         -1.         -1.         -1.
 -1.         -1.         -1.         -1.         -1.         -1.
 -1.         -1.         -1.         -1.         -1.         -1.
 -1.         -1.         -1.         -1.         -1.         -1.
 -1.         -1.         -1.         -1.         -1.         -1.
 -1.         -1.         -1.         -1.         -1.         -1.
 -1.         -1.         -1.         -1.         -1.         -1.
 -1.         -1.         -1.         -1.         -1.         -1.
 -1.         -1.         -1.         -1.         -1.         -1.
 -1.         -1.         -1.         -1.         -1.         -1.
 -1.         -1.         -1.         -1.         -1.         -1.
 -1.         -1.         -1.         -1.         -1.         -1.        ], Label: [ 0  0  0  0  0  0  0  0 -1 -1 -1 -1 -1 -1 -1 -1 -1 -1 -1 -1 -1 -1 -1 -1
 -1 -1 -1 -1 -1 -1 -1 -1 -1 -1 -1 -1 -1 -1 -1 -1 -1 -1 -1 -1 -1 -1 -1 -1
 -1 -1 -1 -1 -1 -1 -1 -1 -1 -1 -1 -1 -1 -1 -1 -1 -1 -1 -1 -1 -1 -1 -1 -1
 -1 -1 -1 -1 -1 -1 -1 -1 -1 -1 -1 -1 -1 -1 -1 -1 -1 -1 -1 -1 -1 -1 -1 -1
 -1 -1 -1 -1 -1 -1 -1 -1 -1 -1 -1 -1 -1 -1 -1 -1 -1 -1 -1 -1 -1 -1 -1 -1
 -1 -1 -1 -1 -1 -1 -1 -1 -1 -1 -1 -1 -1 -1 -1 -1 -1 -1 -1 -1 -1 -1 -1 -1
 -1 -1 -1 -1 -1 -1 -1 -1 -1 -1 -1 -1 -1 -1 -1 -1 -1 -1 -1 -1 -1 -1 -1 -1
 -1 -1 -1 -1 -1 -1 -1 -1 -1 -1 -1 -1 -1 -1 -1 -1 -1 -1 -1 -1 -1 -1 -1 -1
 -1 -1 -1 -1 -1 -1 -1 -1 -1 -1 -1 -1 -1 -1 -1 -1 -1 -1 -1 -1 -1 -1 -1 -1
 -1 -1 -1 -1 -1 -1 -1 -1 -1 -1 -1 -1 -1 -1 -1 -1 -1 -1 -1 -1 -1 -1 -1 -1
 -1 -1 -1 -1 -1 -1 -1 -1 -1 -1 -1 -1 -1 -1 -1 -1 -1 -1 -1 -1 -1 -1 -1 -1
 -1 -1 -1 -1 -1 -1 -1 -1 -1 -1 -1 -1 -1 -1 -1 -1 -1 -1 -1 -1 -1 -1 -1 -1
 -1 -1 -1 -1 -1 -1 -1 -1 -1 -1 -1 -1]

Frame 7:
Box: [[441.13397    303.931      704.023      418.87146   ]
 [397.89648    255.7632     757.65173    438.2003    ]
 [522.8129     296.6665     775.58057    412.4749    ]
 ...
 [ -0.96024007  -0.96024007  -0.96024007  -0.96024007]
 [ -0.96024007  -0.96024007  -0.96024007  -0.96024007]
 [ -0.96024007  -0.96024007  -0.96024007  -0.96024007]], Score: [ 0.49282077  0.24202046  0.17059904  0.12511986  0.0913904   0.08214763
  0.07899562  0.05932149 -1.         -1.         -1.         -1.
 -1.         -1.         -1.         -1.         -1.         -1.
 -1.         -1.         -1.         -1.         -1.         -1.
 -1.         -1.         -1.         -1.         -1.         -1.
 -1.         -1.         -1.         -1.         -1.         -1.
 -1.         -1.         -1.         -1.         -1.         -1.
 -1.         -1.         -1.         -1.         -1.         -1.
 -1.         -1.         -1.         -1.         -1.         -1.
 -1.         -1.         -1.         -1.         -1.         -1.
 -1.         -1.         -1.         -1.         -1.         -1.
 -1.         -1.         -1.         -1.         -1.         -1.
 -1.         -1.         -1.         -1.         -1.         -1.
 -1.         -1.         -1.         -1.         -1.         -1.
 -1.         -1.         -1.         -1.         -1.         -1.
 -1.         -1.         -1.         -1.         -1.         -1.
 -1.         -1.         -1.         -1.         -1.         -1.
 -1.         -1.         -1.         -1.         -1.         -1.
 -1.         -1.         -1.         -1.         -1.         -1.
 -1.         -1.         -1.         -1.         -1.         -1.
 -1.         -1.         -1.         -1.         -1.         -1.
 -1.         -1.         -1.         -1.         -1.         -1.
 -1.         -1.         -1.         -1.         -1.         -1.
 -1.         -1.         -1.         -1.         -1.         -1.
 -1.         -1.         -1.         -1.         -1.         -1.
 -1.         -1.         -1.         -1.         -1.         -1.
 -1.         -1.         -1.         -1.         -1.         -1.
 -1.         -1.         -1.         -1.         -1.         -1.
 -1.         -1.         -1.         -1.         -1.         -1.
 -1.         -1.         -1.         -1.         -1.         -1.
 -1.         -1.         -1.         -1.         -1.         -1.
 -1.         -1.         -1.         -1.         -1.         -1.
 -1.         -1.         -1.         -1.         -1.         -1.
 -1.         -1.         -1.         -1.         -1.         -1.
 -1.         -1.         -1.         -1.         -1.         -1.
 -1.         -1.         -1.         -1.         -1.         -1.
 -1.         -1.         -1.         -1.         -1.         -1.
 -1.         -1.         -1.         -1.         -1.         -1.
 -1.         -1.         -1.         -1.         -1.         -1.
 -1.         -1.         -1.         -1.         -1.         -1.
 -1.         -1.         -1.         -1.         -1.         -1.
 -1.         -1.         -1.         -1.         -1.         -1.
 -1.         -1.         -1.         -1.         -1.         -1.
 -1.         -1.         -1.         -1.         -1.         -1.
 -1.         -1.         -1.         -1.         -1.         -1.
 -1.         -1.         -1.         -1.         -1.         -1.
 -1.         -1.         -1.         -1.         -1.         -1.
 -1.         -1.         -1.         -1.         -1.         -1.
 -1.         -1.         -1.         -1.         -1.         -1.
 -1.         -1.         -1.         -1.         -1.         -1.        ], Label: [ 0  0  0  0  0  0  0  0 -1 -1 -1 -1 -1 -1 -1 -1 -1 -1 -1 -1 -1 -1 -1 -1
 -1 -1 -1 -1 -1 -1 -1 -1 -1 -1 -1 -1 -1 -1 -1 -1 -1 -1 -1 -1 -1 -1 -1 -1
 -1 -1 -1 -1 -1 -1 -1 -1 -1 -1 -1 -1 -1 -1 -1 -1 -1 -1 -1 -1 -1 -1 -1 -1
 -1 -1 -1 -1 -1 -1 -1 -1 -1 -1 -1 -1 -1 -1 -1 -1 -1 -1 -1 -1 -1 -1 -1 -1
 -1 -1 -1 -1 -1 -1 -1 -1 -1 -1 -1 -1 -1 -1 -1 -1 -1 -1 -1 -1 -1 -1 -1 -1
 -1 -1 -1 -1 -1 -1 -1 -1 -1 -1 -1 -1 -1 -1 -1 -1 -1 -1 -1 -1 -1 -1 -1 -1
 -1 -1 -1 -1 -1 -1 -1 -1 -1 -1 -1 -1 -1 -1 -1 -1 -1 -1 -1 -1 -1 -1 -1 -1
 -1 -1 -1 -1 -1 -1 -1 -1 -1 -1 -1 -1 -1 -1 -1 -1 -1 -1 -1 -1 -1 -1 -1 -1
 -1 -1 -1 -1 -1 -1 -1 -1 -1 -1 -1 -1 -1 -1 -1 -1 -1 -1 -1 -1 -1 -1 -1 -1
 -1 -1 -1 -1 -1 -1 -1 -1 -1 -1 -1 -1 -1 -1 -1 -1 -1 -1 -1 -1 -1 -1 -1 -1
 -1 -1 -1 -1 -1 -1 -1 -1 -1 -1 -1 -1 -1 -1 -1 -1 -1 -1 -1 -1 -1 -1 -1 -1
 -1 -1 -1 -1 -1 -1 -1 -1 -1 -1 -1 -1 -1 -1 -1 -1 -1 -1 -1 -1 -1 -1 -1 -1
 -1 -1 -1 -1 -1 -1 -1 -1 -1 -1 -1 -1]

Frame 8:
Box: [[438.7886     303.43118    702.26154    419.47876   ]
 [393.19055    255.75323    753.60583    439.0791    ]
 [522.2732     296.87982    772.3702     412.348     ]
 ...
 [ -0.96024007  -0.96024007  -0.96024007  -0.96024007]
 [ -0.96024007  -0.96024007  -0.96024007  -0.96024007]
 [ -0.96024007  -0.96024007  -0.96024007  -0.96024007]], Score: [ 0.4936272   0.23818406  0.15690291  0.1280801   0.08360949  0.08266652
  0.08174509  0.05914769 -1.         -1.         -1.         -1.
 -1.         -1.         -1.         -1.         -1.         -1.
 -1.         -1.         -1.         -1.         -1.         -1.
 -1.         -1.         -1.         -1.         -1.         -1.
 -1.         -1.         -1.         -1.         -1.         -1.
 -1.         -1.         -1.         -1.         -1.         -1.
 -1.         -1.         -1.         -1.         -1.         -1.
 -1.         -1.         -1.         -1.         -1.         -1.
 -1.         -1.         -1.         -1.         -1.         -1.
 -1.         -1.         -1.         -1.         -1.         -1.
 -1.         -1.         -1.         -1.         -1.         -1.
 -1.         -1.         -1.         -1.         -1.         -1.
 -1.         -1.         -1.         -1.         -1.         -1.
 -1.         -1.         -1.         -1.         -1.         -1.
 -1.         -1.         -1.         -1.         -1.         -1.
 -1.         -1.         -1.         -1.         -1.         -1.
 -1.         -1.         -1.         -1.         -1.         -1.
 -1.         -1.         -1.         -1.         -1.         -1.
 -1.         -1.         -1.         -1.         -1.         -1.
 -1.         -1.         -1.         -1.         -1.         -1.
 -1.         -1.         -1.         -1.         -1.         -1.
 -1.         -1.         -1.         -1.         -1.         -1.
 -1.         -1.         -1.         -1.         -1.         -1.
 -1.         -1.         -1.         -1.         -1.         -1.
 -1.         -1.         -1.         -1.         -1.         -1.
 -1.         -1.         -1.         -1.         -1.         -1.
 -1.         -1.         -1.         -1.         -1.         -1.
 -1.         -1.         -1.         -1.         -1.         -1.
 -1.         -1.         -1.         -1.         -1.         -1.
 -1.         -1.         -1.         -1.         -1.         -1.
 -1.         -1.         -1.         -1.         -1.         -1.
 -1.         -1.         -1.         -1.         -1.         -1.
 -1.         -1.         -1.         -1.         -1.         -1.
 -1.         -1.         -1.         -1.         -1.         -1.
 -1.         -1.         -1.         -1.         -1.         -1.
 -1.         -1.         -1.         -1.         -1.         -1.
 -1.         -1.         -1.         -1.         -1.         -1.
 -1.         -1.         -1.         -1.         -1.         -1.
 -1.         -1.         -1.         -1.         -1.         -1.
 -1.         -1.         -1.         -1.         -1.         -1.
 -1.         -1.         -1.         -1.         -1.         -1.
 -1.         -1.         -1.         -1.         -1.         -1.
 -1.         -1.         -1.         -1.         -1.         -1.
 -1.         -1.         -1.         -1.         -1.         -1.
 -1.         -1.         -1.         -1.         -1.         -1.
 -1.         -1.         -1.         -1.         -1.         -1.
 -1.         -1.         -1.         -1.         -1.         -1.
 -1.         -1.         -1.         -1.         -1.         -1.
 -1.         -1.         -1.         -1.         -1.         -1.        ], Label: [ 0  0  0  0  0  0  0  0 -1 -1 -1 -1 -1 -1 -1 -1 -1 -1 -1 -1 -1 -1 -1 -1
 -1 -1 -1 -1 -1 -1 -1 -1 -1 -1 -1 -1 -1 -1 -1 -1 -1 -1 -1 -1 -1 -1 -1 -1
 -1 -1 -1 -1 -1 -1 -1 -1 -1 -1 -1 -1 -1 -1 -1 -1 -1 -1 -1 -1 -1 -1 -1 -1
 -1 -1 -1 -1 -1 -1 -1 -1 -1 -1 -1 -1 -1 -1 -1 -1 -1 -1 -1 -1 -1 -1 -1 -1
 -1 -1 -1 -1 -1 -1 -1 -1 -1 -1 -1 -1 -1 -1 -1 -1 -1 -1 -1 -1 -1 -1 -1 -1
 -1 -1 -1 -1 -1 -1 -1 -1 -1 -1 -1 -1 -1 -1 -1 -1 -1 -1 -1 -1 -1 -1 -1 -1
 -1 -1 -1 -1 -1 -1 -1 -1 -1 -1 -1 -1 -1 -1 -1 -1 -1 -1 -1 -1 -1 -1 -1 -1
 -1 -1 -1 -1 -1 -1 -1 -1 -1 -1 -1 -1 -1 -1 -1 -1 -1 -1 -1 -1 -1 -1 -1 -1
 -1 -1 -1 -1 -1 -1 -1 -1 -1 -1 -1 -1 -1 -1 -1 -1 -1 -1 -1 -1 -1 -1 -1 -1
 -1 -1 -1 -1 -1 -1 -1 -1 -1 -1 -1 -1 -1 -1 -1 -1 -1 -1 -1 -1 -1 -1 -1 -1
 -1 -1 -1 -1 -1 -1 -1 -1 -1 -1 -1 -1 -1 -1 -1 -1 -1 -1 -1 -1 -1 -1 -1 -1
 -1 -1 -1 -1 -1 -1 -1 -1 -1 -1 -1 -1 -1 -1 -1 -1 -1 -1 -1 -1 -1 -1 -1 -1
 -1 -1 -1 -1 -1 -1 -1 -1 -1 -1 -1 -1]

